Min = 0.16666666666 = 682.666666667 = 1 ms = 0
Neutral = 0.25 = 1024 = 1.5 ms = 90
Max = 0.33333333333 = 1365.33333333 = 2 ms = 180
Servo Control (Degrees) ((1+((90+x)/180))/6)*4096
Servo Control (Logical) ((1+((50+(x/2))*.01))/6)*4096